10
2 7
7 12 29 27 31 34 30 
18 5 21 18 32 9 22 
2 7
28 24 12 27 7 5 23 
6 7 20 14 6 30 29 
5 1
10 
13 
24 
5 
29 
1 5
10 20 33 15 28 
7 6
22 20 28 30 32 11 
8 34 14 16 30 10 
33 18 21 12 21 14 
13 27 11 24 10 19 
29 29 10 21 22 11 
31 9 18 16 11 28 
13 21 5 12 9 22
2 8
23 10 24 30 8 8 18 12 
22 13 5 26 21 22 25 5 
4 2
6 24 
28 12 
15 13 
5 16 
7 3
26 11 29 
16 13 29 
14 22 8 
8 27 5 
31 34 17 
20 28 16 
11 30 25
8 6
32 28 27 7 21 11 
11 16 14 29 15 25 
20 9 5 16 15 12 
6 11 8 27 14 9 
5 12 24 32 18 31 
15 6 19 5 6 13 
22 13 30 32 18 26 
25 28 24 9 11 9 
1 9
31 26 16 22 14 20 14 25 9 